0 0 0 -1342 -5941 0 16384 0
1 514 2 -966 -8422 0 -16384 64
2 1028 4 983 -536 0 -16384 64
3 8481 33 -1431 -3365 0 16384 64
4 8481 33 -4499 -5205 0 -16384 64
5 8481 33 -350 -8789 0 -16384 64
6 8224 32 -580 6211 0 0 448
7 8224 32 4248 640 0 -32768 448
8 1542 6 -2833 1219 0 24576 448
9 0 0 -1048 -228 0 -32768 0
10 0 0 -1342 -5919 0 16384 0
11 2056 8 -8187 7899 0 8192 0
14 2313 9 -9484 9601 0 8192 0
16 2827 11 977 -547 0 -16384 0
17 2570 10 -1418 -3332 0 16384 64
18 2570 10 -4523 -5106 0 -16384 64
19 2570 10 -323 -8610 0 -16384 64
20 1799 7 -683 4132 0 -16384 0
